P0040 0.6075451374053955 372.38 3325.37 448.06 3279.96 481.26 3335.30 405.58 3380.71
P0040 0.26277899742126465 415.59 3044.80 475.95 3071.08 441.41 3150.40 381.05 3124.11
P0935 0.0553489625453949 1570.26 359.30 1611.75 366.24 1603.81 413.68 1562.33 406.73
P2652 0.056374941021203995 145.79 340.82 363.80 296.14 405.72 500.69 187.71 545.37
P1873 0.7840650677680969 1495.01 504.50 1536.04 506.88 1528.28 640.77 1487.25 638.39
P1873 0.205213263630867 891.75 3227.93 903.46 3228.76 901.43 3257.11 889.73 3256.27
P1873 0.1907050758600235 1013.57 3120.35 1028.02 3120.22 1028.45 3165.54 1014.00 3165.68
P1873 0.18156687915325165 741.98 3139.24 758.16 3143.18 752.95 3164.60 736.76 3160.66
P1873 0.13825812935829163 1263.11 3165.47 1298.64 3164.36 1299.53 3192.75 1264.00 3193.86
P1873 0.09434223175048828 892.76 210.12 903.79 210.24 903.52 234.10 892.50 233.97
P1873 0.09331326186656952 440.11 2532.81 469.60 2533.98 469.10 2546.51 439.61 2545.34
P1873 0.08505821973085403 907.30 3230.13 918.88 3228.15 923.41 3254.70 911.83 3256.68
P1873 0.07938268780708313 1058.62 3887.75 1069.85 3889.18 1067.77 3905.54 1056.54 3904.11
P1873 0.07471443712711334 1943.09 1571.44 1955.76 1569.89 1959.64 1601.70 1946.97 1603.25
P1873 0.06914224475622177 909.44 350.43 936.38 349.09 939.23 406.35 912.29 407.69
P1873 0.06849666684865952 909.24 210.35 919.28 209.21 922.30 235.72 912.26 236.87
P1873 0.06742005050182343 1088.59 3876.32 1098.02 3876.28 1098.11 3896.50 1088.67 3896.54
P1873 0.05861504748463631 1619.86 895.82 1630.50 894.28 1632.51 908.18 1621.88 909.72
P1415 0.8577235341072083 1172.73 3626.34 1207.05 3596.22 1228.55 3620.72 1194.23 3650.84
P1415 0.6567068696022034 2326.35 2794.24 2357.64 2808.06 2351.46 2822.04 2320.17 2808.22
P1553 0.13523857295513153 1375.45 2718.00 1407.09 2713.37 1411.51 2743.66 1379.88 2748.28
P1381 0.8264939188957214 2781.95 4005.22 2796.22 4017.67 2781.98 4034.00 2767.71 4021.55
P1008 0.6191398501396179 4539.68 1339.59 4554.85 1340.54 4551.76 1389.98 4536.59 1389.03
P1008 0.06427022069692612 1541.12 1712.12 1558.34 1708.13 1566.40 1742.91 1549.18 1746.90
P1400 0.9988400340080261 3670.21 1842.02 3712.81 1845.30 3703.21 1970.26 3660.61 1966.99
P1400 0.9986990690231323 3800.73 1849.19 3846.78 1849.70 3845.40 1973.91 3799.36 1973.40
P1400 0.9986122846603394 3857.89 1844.85 3896.01 1848.41 3883.71 1980.28 3845.59 1976.73
P1400 0.9985787868499756 4223.38 1864.79 4263.12 1866.52 4257.90 1986.49 4218.16 1984.77
P1400 0.9983137845993042 3620.86 1844.99 3661.15 1846.50 3656.59 1968.30 3616.30 1966.79
P1400 0.9983121156692505 4271.87 1867.35 4313.21 1871.63 4300.79 1991.45 4259.45 1987.17
P1400 0.998258650302887 4181.15 1864.98 4221.95 1868.51 4211.56 1988.79 4170.76 1985.27
P1400 0.9980149269104004 2840.51 1815.93 2875.27 1817.25 2870.58 1941.25 2835.81 1939.93
P1400 0.9977116584777832 3717.32 1845.63 3756.97 1848.05 3749.58 1969.20 3709.92 1966.78
P1400 0.9977051615715027 3899.43 1853.96 3941.63 1856.22 3934.95 1980.81 3892.76 1978.55
P1400 0.9974818825721741 4310.25 1875.92 4353.46 1875.80 4353.76 1989.16 4310.55 1989.27
P1400 0.9968690276145935 3946.12 1856.99 3979.70 1855.36 3985.56 1975.72 3951.98 1977.35
P1400 0.9965196847915649 4037.14 1859.32 4075.59 1858.55 4077.98 1978.87 4039.54 1979.63
P1400 0.9965183734893799 3991.84 1859.71 4033.87 1859.86 4033.45 1980.28 3991.42 1980.13
P1400 0.9963054656982422 4083.38 1865.25 4122.72 1865.52 4121.92 1981.35 4082.58 1981.07
P1400 0.9953685998916626 3760.71 1850.13 3799.79 1850.19 3799.61 1966.74 3760.54 1966.69
P1400 0.9952501058578491 4138.21 1858.46 4177.67 1864.47 4159.51 1983.75 4120.05 1977.74
P1400 0.9914407730102539 3829.87 3275.51 3875.85 3274.13 3880.18 3418.90 3834.20 3420.27
P1400 0.9896811842918396 3584.73 3269.20 3633.01 3267.39 3638.15 3404.94 3589.87 3406.75
P1400 0.9826969504356384 3162.41 3387.96 3198.59 3388.87 3195.27 3520.55 3159.09 3519.64
P1400 0.9818830490112305 2792.35 3373.40 2841.78 3375.55 2835.76 3514.09 2786.33 3511.94
P1400 0.9802405834197998 3345.68 3270.75 3393.68 3273.20 3386.91 3405.87 3338.91 3403.43
P1400 0.9761781096458435 3145.26 3829.09 3194.92 3830.39 3191.46 3962.32 3141.80 3961.02
P1400 0.9761760830879211 2386.11 1801.84 2418.90 1804.19 2410.75 1918.25 2377.96 1915.91
P1400 0.9734867215156555 5169.09 1986.29 5204.08 1990.03 5192.76 2096.14 5157.77 2092.40
P1400 0.9724612236022949 4417.18 1882.55 4459.59 1886.89 4447.41 2006.11 4404.99 2001.77
P1400 0.972192108631134 3037.25 3389.15 3069.78 3387.22 3077.00 3508.47 3044.46 3510.41
P1400 0.9700908064842224 3226.74 3264.41 3268.03 3265.54 3264.49 3394.77 3223.20 3393.64
P1400 0.9625456929206848 2707.64 1814.50 2778.69 1816.59 2773.65 1988.17 2702.60 1986.08
P1400 0.9615746736526489 4024.71 1495.73 4081.00 1495.04 4082.94 1653.98 4026.64 1654.67
P1400 0.9605380296707153 3704.32 3277.46 3759.83 3276.66 3761.81 3413.79 3706.29 3414.58
P1400 0.9554004669189453 2772.29 1820.34 2828.07 1819.72 2829.60 1957.82 2773.82 1958.44
P1400 0.9358970522880554 2860.25 2610.52 2902.11 2612.49 2895.71 2748.13 2853.84 2746.15
P1400 0.9343082308769226 3282.38 3394.26 3320.33 3395.18 3317.36 3517.46 3279.41 3516.53
P1400 0.9174228310585022 2725.94 3252.48 2784.94 3252.25 2785.45 3382.61 2726.45 3382.84
P1400 0.9141928553581238 3220.55 3699.85 3253.73 3702.03 3245.40 3828.51 3212.22 3826.33
P1400 0.9060190916061401 5039.08 1981.11 5069.11 1985.08 5055.48 2088.14 5025.45 2084.17
P1400 0.9009246826171875 2486.49 3241.01 2543.94 3242.60 2540.27 3374.51 2482.83 3372.91
P1400 0.8917853236198425 5138.55 1984.19 5171.31 1987.72 5160.96 2083.98 5128.20 2080.46
P1400 0.8706978559494019 5010.32 1972.24 5037.14 1974.74 5025.79 2096.75 4998.97 2094.25
P1400 0.8581908345222473 2979.24 3256.34 3028.11 3257.91 3024.11 3382.97 2975.24 3381.41
P1400 0.8567602634429932 398.36 569.44 446.10 573.53 435.34 699.36 387.59 695.27
P1400 0.8428913950920105 3261.21 3834.19 3321.41 3835.93 3317.58 3968.55 3257.38 3966.81
P1400 0.8285102248191833 2908.26 3381.59 2963.42 3382.72 2960.77 3512.58 2905.61 3511.46
P1400 0.8094756007194519 2609.70 3246.95 2666.03 3249.99 2659.47 3371.57 2603.14 3368.53
P1400 0.7996867299079895 5105.68 1987.13 5125.73 1987.41 5124.74 2057.50 5104.69 2057.22
P1400 0.7922047972679138 3179.76 2620.61 3229.86 2623.76 3220.65 2769.99 3170.55 2766.83
P1400 0.7730014324188232 1788.20 338.17 1829.85 336.38 1833.79 427.98 1792.14 429.77
P1400 0.7722331285476685 1449.33 983.98 1513.61 987.07 1506.47 1135.57 1442.19 1132.49
P1400 0.7168552279472351 3459.01 3270.35 3530.95 3276.26 3519.64 3413.84 3447.71 3407.93
P1400 0.6796959638595581 5073.36 1976.31 5100.10 1977.07 5097.49 2068.11 5070.76 2067.35
P1400 0.6738196015357971 3345.46 2611.47 3391.83 2616.31 3377.00 2758.32 3330.63 2753.47
P1400 0.6517523527145386 2574.92 690.78 2620.70 689.81 2623.82 835.46 2578.03 836.44
P1400 0.6367305517196655 3526.86 3412.92 3569.65 3415.86 3561.45 3535.13 3518.66 3532.19
P1400 0.5992705225944519 2817.46 412.21 2881.48 417.63 2868.12 575.16 2804.10 569.73
P1400 0.541629433631897 2966.46 3686.92 3015.54 3689.10 3009.00 3836.22 2959.92 3834.03
P1400 0.4508768916130066 673.41 1326.97 735.47 1333.18 719.75 1490.32 657.69 1484.11
P1400 0.30345675349235535 492.25 274.73 521.13 280.09 512.28 327.77 483.39 322.41
P1400 0.2917274832725525 2875.48 1823.38 2894.84 1825.22 2887.91 1898.09 2868.55 1896.25
P1400 0.18441112339496613 2887.43 1817.04 2919.06 1816.90 2919.43 1894.99 2887.79 1895.13
P1400 0.146798238158226 3900.51 1504.41 3975.37 1508.77 3965.85 1672.09 3890.99 1667.72
P1400 0.14185144007205963 4511.65 2230.87 4560.48 2223.08 4573.96 2307.62 4525.13 2315.40
P1400 0.1397140473127365 4077.26 1547.44 4103.64 1548.75 4099.83 1625.50 4073.45 1624.19
P1400 0.08899201452732086 4447.67 1908.54 4462.93 1910.34 4457.97 1952.30 4442.71 1950.49
P1400 0.07271771878004074 5753.15 2358.64 5804.11 2320.58 5896.96 2444.90 5846.00 2482.96
P1400 0.052126601338386536 3972.11 2997.70 4035.34 2998.72 4033.40 3119.04 3970.17 3118.03
P0051 0.0768660306930542 980.71 1441.65 995.99 1435.77 1004.11 1456.87 988.82 1462.75
P2795 0.08199489116668701 1279.23 3255.14 1313.33 3263.12 1307.13 3289.59 1273.03 3281.61
P1494 0.5702269673347473 3001.33 3193.81 3070.73 3175.80 3091.10 3254.33 3021.70 3272.33
P1494 0.10093449801206589 2250.08 4444.72 2272.55 4466.90 2254.44 4485.24 2231.97 4463.07
P1163 0.997928261756897 2171.19 1873.28 2247.79 1927.63 2203.72 1989.73 2127.13 1935.38
P1163 0.9798157215118408 1458.21 2353.51 1493.85 2376.67 1472.73 2409.17 1437.09 2386.00
P1163 0.9545259475708008 1451.91 2173.67 1483.29 2190.34 1464.35 2226.00 1432.97 2209.33
P1163 0.5702255368232727 3549.89 4882.16 3589.57 4905.40 3564.41 4948.37 3524.73 4925.12
P1163 0.3478870689868927 4247.17 939.06 4314.63 969.31 4287.32 1030.23 4219.85 999.98
P1163 0.30449408292770386 1374.15 2308.38 1411.96 2326.28 1394.13 2363.96 1356.31 2346.06
P1163 0.19445157051086426 4022.57 848.01 4077.01 865.27 4058.67 923.16 4004.22 905.90
P0182 0.9948004484176636 1905.73 1152.79 1981.49 1194.78 1948.62 1254.10 1872.85 1212.12
P0182 0.9434343576431274 1834.15 1026.01 1917.93 1000.69 1938.20 1067.78 1854.43 1093.10
P0182 0.8444555997848511 4667.16 524.23 4711.15 522.86 4713.75 606.36 4669.77 607.73
P0182 0.7125383019447327 1862.71 1181.94 1891.69 1200.54 1872.54 1230.38 1843.55 1211.78
P0182 0.3546629548072815 4048.08 1043.18 4077.90 1048.43 4074.90 1065.52 4045.07 1060.27
P0182 0.19594737887382507 398.34 1473.38 525.18 1439.47 564.74 1587.46 437.90 1621.36
P0182 0.11410968750715256 4647.57 526.91 4676.31 530.00 4669.35 594.78 4640.62 591.69
P1496 0.6873865723609924 1990.67 656.75 2027.62 666.46 2013.01 722.06 1976.05 712.35
P1496 0.05220804363489151 1417.71 1925.03 1442.47 1935.82 1424.55 1976.96 1399.78 1966.17
P1448 0.1091298833489418 3668.81 232.77 3747.16 265.10 3721.06 328.35 3642.71 296.02
P1448 0.07559098303318024 5802.12 2286.52 5935.42 2382.53 5849.09 2502.40 5715.78 2406.39
P1448 0.07093498110771179 944.03 1410.09 977.20 1440.15 940.68 1480.46 907.50 1450.39
P2749 0.7700225710868835 1913.12 821.30 2003.98 809.85 2019.42 932.34 1928.56 943.79
P2749 0.14908529818058014 5362.46 1983.08 5415.98 1968.57 5437.88 2049.36 5384.36 2063.87
P2749 0.10208870470523834 5262.81 2004.94 5343.74 1990.98 5364.24 2109.80 5283.31 2123.76
P1151 0.8707727193832397 1968.29 2547.46 2088.57 2469.25 2187.75 2621.79 2067.48 2699.99
P1151 0.7942751049995422 1564.37 2686.30 1690.07 2631.27 1749.69 2767.48 1624.00 2822.51
P1151 0.2970602810382843 1549.63 2896.56 1663.14 2825.68 1730.98 2934.31 1617.47 3005.19
P1151 0.28445965051651 1809.31 2321.77 1924.40 2215.40 2065.97 2368.56 1950.88 2474.94
P1151 0.24438901245594025 1692.70 2067.13 1818.06 2009.90 1853.92 2088.45 1728.56 2145.67
P1151 0.12697942554950714 2258.20 2704.19 2332.11 2767.11 2207.52 2913.45 2133.61 2850.53
P1151 0.11682473868131638 2266.28 3163.59 2355.36 3111.07 2393.87 3176.39 2304.79 3228.91
P1151 0.092198945581913 1405.89 1479.49 1526.05 1428.75 1546.45 1477.06 1426.29 1527.81
P1151 0.08953455090522766 1450.66 1598.64 1563.59 1529.53 1628.75 1636.02 1515.83 1705.13
P1151 0.0763646587729454 1739.17 2132.47 1857.31 2047.76 1954.72 2183.59 1836.57 2268.31
P1151 0.06823687255382538 1620.09 1920.01 1735.48 1851.18 1770.68 1910.20 1655.29 1979.03
P1151 0.06567572802305222 1355.94 1388.73 1451.49 1327.10 1501.97 1405.37 1406.42 1466.99
P1151 0.06418348848819733 2391.91 3279.61 2486.78 3195.78 2524.75 3238.74 2429.88 3322.57
P1151 0.06250274181365967 1463.10 2787.93 1572.94 2709.19 1648.06 2813.97 1538.22 2892.71
P1151 0.05510418862104416 907.68 475.51 978.01 486.88 969.16 541.58 898.83 530.21
P1151 0.05497889593243599 1305.49 2201.00 1398.07 2279.45 1288.56 2408.70 1195.97 2330.25
P1125 0.262943297624588 3134.59 3708.20 3202.99 3693.19 3219.03 3766.26 3150.62 3781.27
P1125 0.10272859036922455 1772.56 2806.71 1834.31 2797.43 1842.40 2851.31 1780.66 2860.59
P1125 0.09915895760059357 2536.60 277.18 2607.17 261.20 2621.90 326.23 2551.32 342.21
P1422 0.16149748861789703 5345.00 3249.02 5472.72 3270.30 5447.69 3420.52 5319.97 3399.24
P1422 0.0554150715470314 5712.15 767.08 5808.69 709.04 5914.35 884.82 5817.82 942.85
P1422 0.050266534090042114 3536.21 1364.15 3613.92 1317.45 3702.64 1465.08 3624.92 1511.79
P1677 0.1790413111448288 3046.01 2992.04 3090.37 2988.85 3092.56 3019.32 3048.19 3022.50
P1677 0.14341846108436584 3039.96 2939.71 3083.14 2941.27 3082.18 2967.77 3039.01 2966.21
P0954 0.05559907853603363 2172.85 410.80 2190.11 408.27 2194.92 441.05 2177.66 443.58
P1129 0.9990757703781128 596.68 1879.20 647.34 1896.08 629.68 1949.08 579.02 1932.20
P1129 0.9980900883674622 237.14 1801.70 285.06 1762.71 326.93 1814.17 279.01 1853.16
P1129 0.9975908994674683 3128.86 5789.37 3211.86 5809.86 3189.18 5901.74 3106.18 5881.26
P1129 0.995713472366333 750.39 1690.12 795.16 1723.76 758.57 1772.46 713.80 1738.82
P1129 0.9906778335571289 405.20 1766.80 457.58 1757.55 467.53 1813.90 415.15 1823.14
P1129 0.9900593757629395 311.41 1446.55 362.29 1477.17 330.83 1529.45 279.95 1498.84
P1129 0.979328989982605 552.26 1864.30 593.47 1902.69 556.56 1942.32 515.35 1903.92
P1129 0.8929141759872437 3141.41 4444.69 3207.23 4501.51 3160.31 4555.87 3094.49 4499.05
P1129 0.8922404050827026 418.59 1699.43 471.70 1687.18 483.56 1738.62 430.44 1750.87
P1129 0.8042706251144409 3415.45 4836.80 3506.71 4901.02 3450.54 4980.84 3359.28 4916.63
P1129 0.5358120203018188 1075.91 5554.17 1096.70 5555.81 1091.53 5621.38 1070.74 5619.74
P1129 0.5223163366317749 1163.20 5552.69 1193.15 5559.68 1178.23 5623.61 1148.28 5616.62
P1129 0.4721740782260895 1047.58 5555.69 1065.21 5559.40 1055.80 5604.10 1038.16 5600.39
P1129 0.23589961230754852 3424.59 4634.06 3522.47 4653.92 3500.97 4759.81 3403.10 4739.94
P1129 0.23314861953258514 1086.22 5091.32 1126.70 5100.59 1120.29 5128.55 1079.81 5119.28
P1129 0.05919885262846947 1314.50 1931.60 1401.20 1974.75 1339.59 2098.54 1252.89 2055.39
P2556 0.9884340167045593 3300.51 4646.74 3368.06 4607.15 3401.13 4663.58 3333.58 4703.17
P2556 0.9266411662101746 1337.59 36.48 1362.21 40.95 1356.10 74.55 1331.48 70.07
P2556 0.6009237766265869 3232.51 3790.79 3296.97 3750.22 3338.42 3816.06 3273.96 3856.64
P2556 0.16300725936889648 2358.37 1868.33 2378.83 1860.90 2389.06 1889.06 2368.60 1896.49
P2556 0.12865468859672546 1063.06 623.75 1086.98 633.27 1070.19 675.48 1046.26 665.96
P2556 0.10301424562931061 2285.69 1747.22 2308.92 1735.43 2323.03 1763.23 2299.81 1775.02
P2556 0.08216078579425812 2303.03 4318.91 2365.41 4285.03 2399.28 4347.39 2336.90 4381.27
P2556 0.05774220824241638 1810.30 916.87 1840.39 895.01 1855.45 915.74 1825.36 937.61
P1378 0.5829815864562988 3719.94 3035.36 3738.56 3047.32 3721.23 3074.31 3702.61 3062.35
P1378 0.17800235748291016 698.78 2377.47 719.03 2376.51 720.08 2398.64 699.82 2399.60
P1378 0.15584029257297516 2990.79 2563.34 3019.94 2584.05 3003.55 2607.11 2974.40 2586.40
P1378 0.12238863110542297 1790.60 1206.01 1821.52 1214.71 1812.77 1245.80 1781.85 1237.10
P1378 0.09803257137537003 4043.74 2542.11 4065.22 2535.74 4070.75 2554.38 4049.27 2560.76
P1407 0.07537072151899338 253.74 2772.58 307.63 2819.61 266.54 2866.68 212.66 2819.65
P1504 0.19894389808177948 2495.28 3541.86 2518.99 3531.96 2533.65 3567.06 2509.93 3576.96
P1504 0.06116173043847084 2482.57 3560.23 2499.79 3551.95 2516.13 3585.94 2498.90 3594.22
P1504 0.0507940798997879 479.08 3647.46 492.06 3640.87 511.34 3678.80 498.36 3685.39
P2679 0.16428659856319427 2220.85 261.24 2258.12 268.18 2253.41 293.42 2216.15 286.48
P2679 0.13271792232990265 2061.02 1640.61 2078.86 1651.07 2067.98 1669.63 2050.14 1659.17
P2679 0.07469424605369568 1035.21 2779.93 1060.09 2781.85 1058.24 2805.75 1033.37 2803.84
P1870 0.867600679397583 5264.65 901.95 5305.07 883.98 5320.78 919.30 5280.36 937.27
P1870 0.17731039226055145 5354.51 891.80 5378.82 881.13 5389.65 905.82 5365.34 916.49
P1870 0.0727936327457428 3873.54 1910.15 3888.90 1903.71 3895.15 1918.64 3879.79 1925.07
P1870 0.06349224597215652 3828.26 1882.06 3879.36 1887.95 3877.26 1906.21 3826.15 1900.32
P1870 0.05710071325302124 5278.26 731.36 5304.55 718.43 5317.83 745.44 5291.53 758.36
P1593 0.24253466725349426 1229.33 1267.24 1254.95 1279.49 1242.29 1305.97 1216.67 1293.72
P0024 0.05598408728837967 2061.65 754.09 2081.90 734.18 2103.54 756.19 2083.29 776.10
P1157 0.9784746766090393 2450.48 2620.13 2483.22 2628.22 2474.69 2662.72 2441.95 2654.63
P1157 0.887480616569519 2499.06 2334.52 2526.49 2339.77 2520.00 2373.72 2492.57 2368.48
P1157 0.7906496524810791 2733.51 2445.68 2761.12 2457.02 2750.41 2483.09 2722.81 2471.75
P1157 0.7525800466537476 2631.25 2466.89 2669.75 2450.75 2685.30 2487.82 2646.80 2503.97
P1157 0.6971908807754517 2435.29 2613.26 2452.57 2616.46 2446.61 2648.68 2429.33 2645.49
P1157 0.5965412855148315 1751.66 2299.72 1792.92 2317.25 1778.40 2351.42 1737.14 2333.89
P1157 0.4807915687561035 4777.03 1906.16 4872.47 1820.51 4953.23 1910.51 4857.79 1996.15
P1157 0.4516005218029022 2591.93 2438.72 2624.30 2453.31 2611.63 2481.45 2579.25 2466.86
P1157 0.4365367591381073 2717.04 2420.45 2783.16 2447.49 2732.41 2571.58 2666.30 2544.54
P1157 0.39299654960632324 1558.00 2929.09 1588.32 2928.18 1589.63 2971.66 1559.31 2972.57
P1157 0.3914697766304016 2713.27 2499.80 2737.27 2520.41 2719.45 2541.16 2695.45 2520.55
P1157 0.3664516806602478 1644.91 3080.41 1665.81 3081.39 1665.05 3097.38 1644.15 3096.39
P1157 0.3296195864677429 2164.01 2001.76 2205.44 2009.39 2197.43 2052.86 2156.00 2045.23
P1157 0.31302738189697266 1897.74 3186.46 1934.14 3201.54 1917.43 3241.87 1881.03 3226.79
P1157 0.26810988783836365 1764.13 2267.47 1795.49 2254.46 1808.53 2285.87 1777.16 2298.89
P1157 0.26401278376579285 2301.57 2937.25 2359.85 2951.42 2344.54 3014.36 2286.26 3000.19
P1157 0.24915805459022522 2601.05 2411.41 2629.25 2421.28 2622.49 2440.62 2594.29 2430.75
P1157 0.2429383099079132 2841.68 2302.16 2866.48 2310.89 2859.45 2330.87 2834.65 2322.14
P1157 0.21306034922599792 1885.13 3183.55 1905.30 3192.02 1896.93 3211.94 1876.76 3203.46
P1157 0.21249575912952423 2386.10 2463.54 2424.76 2478.13 2409.20 2519.34 2370.54 2504.74
P1157 0.16940604150295258 2686.19 2555.03 2707.71 2559.49 2701.58 2589.07 2680.06 2584.62
P1157 0.1537967175245285 1483.40 3466.32 1511.58 3475.49 1497.62 3518.41 1469.44 3509.24
P1157 0.14818640053272247 2884.44 2200.40 2907.13 2211.53 2895.18 2235.90 2872.49 2224.77
P1157 0.12177971005439758 4093.76 1878.02 4124.25 1900.40 4102.13 1930.53 4071.64 1908.14
P1157 0.11926507949829102 1517.13 3048.45 1534.26 3055.78 1527.71 3071.08 1510.58 3063.75
P1157 0.11100281774997711 1236.94 3468.37 1262.56 3480.90 1249.83 3506.93 1224.21 3494.40
P1157 0.10531575977802277 1798.81 2269.45 1820.78 2262.46 1827.27 2282.85 1805.30 2289.84
P1157 0.10093957185745239 2529.13 2380.29 2556.09 2391.23 2547.40 2412.63 2520.44 2401.69
P1157 0.09406398981809616 1787.19 2984.02 1818.30 2997.46 1801.54 3036.26 1770.43 3022.82
P1157 0.0864206925034523 6408.25 2545.96 6452.80 2580.58 6422.64 2619.38 6378.09 2584.76
P1157 0.07606706023216248 3899.78 1474.52 3937.00 1443.14 3974.76 1487.93 3937.55 1519.31
P1157 0.06927045434713364 1391.88 3618.30 1415.57 3626.53 1405.10 3656.69 1381.41 3648.46
P1157 0.06855247914791107 1869.25 3171.81 1888.99 3179.62 1879.82 3202.80 1860.08 3194.99
P1157 0.06639968603849411 2394.35 2578.11 2435.62 2594.04 2415.64 2645.81 2374.37 2629.88
P1157 0.061996012926101685 1586.46 3062.93 1610.00 3076.71 1595.63 3101.26 1572.08 3087.48
P1490 0.17701596021652222 1177.00 295.04 1274.36 251.89 1328.56 374.18 1231.21 417.33
P1490 0.07672322541475296 2611.20 487.95 2738.99 385.88 2816.94 483.47 2689.15 585.55
P1684 0.05250971019268036 3536.73 2704.39 3572.18 2732.73 3544.96 2766.78 3509.51 2738.44
P1112 0.162343367934227 2435.21 1240.77 2545.32 1263.28 2536.41 1306.88 2426.29 1284.37
P1112 0.0609678290784359 6521.11 2216.66 6580.98 2214.89 6581.92 2246.91 6522.06 2248.68
P1183 0.9974253177642822 5508.43 1987.13 5576.68 2023.11 5545.64 2082.00 5477.39 2046.02
P1183 0.3333646357059479 5919.83 1817.44 5938.06 1835.04 5899.44 1875.03 5881.21 1857.43
P1183 0.06524082273244858 5684.72 1773.57 5721.33 1809.60 5694.60 1836.77 5657.98 1800.74
P1694 0.0828213095664978 1828.32 3074.47 1860.83 3074.07 1861.05 3091.79 1828.54 3092.19
P2511 0.08172987401485443 834.14 981.79 856.65 994.95 837.21 1028.19 814.70 1015.02
P2767 0.050835561007261276 1752.75 2214.78 1780.38 2233.15 1755.31 2270.86 1727.68 2252.49
P1404 0.07383482158184052 3464.69 2936.10 3510.82 2921.19 3557.24 3064.75 3511.11 3079.67
P1715 0.08454328030347824 2112.53 3210.40 2190.07 3261.13 2138.43 3340.07 2060.89 3289.34
P1172 0.6480110287666321 2170.34 866.01 2193.16 860.74 2199.44 887.97 2176.62 893.23
P1172 0.1828974485397339 1071.66 403.17 1097.80 390.75 1110.16 416.75 1084.02 429.17
P1172 0.14094552397727966 924.30 3645.07 968.11 3666.28 935.15 3734.37 891.35 3713.17
P1172 0.13266214728355408 1818.12 4110.98 1869.59 4135.88 1853.67 4168.80 1802.20 4143.90
P1172 0.09096264839172363 1046.86 3465.48 1082.53 3484.40 1053.16 3539.78 1017.49 3520.85
P1172 0.06258830428123474 908.97 3737.99 939.89 3761.51 903.53 3809.33 872.60 3785.81
P1172 0.05591734126210213 837.00 3866.10 879.64 3882.94 856.27 3942.16 813.62 3925.32
P0165 0.5892239212989807 2618.02 726.56 2663.57 735.81 2655.58 775.16 2610.03 765.91
P0165 0.47706928849220276 3317.16 1161.98 3367.40 1159.02 3375.90 1303.25 3325.66 1306.21
P0165 0.3288056552410126 2915.74 1669.09 2991.93 1671.16 2990.22 1733.83 2914.03 1731.76
P0165 0.17981885373592377 2918.42 1171.67 2965.02 1176.69 2959.39 1228.97 2912.80 1223.96
P0165 0.1585341989994049 2368.09 1786.45 2422.92 1827.74 2388.26 1873.76 2333.43 1832.47
P0165 0.14881226420402527 985.37 1179.57 1022.06 1179.32 1022.31 1215.88 985.62 1216.13
P0165 0.08628522604703903 2919.16 1751.73 2992.42 1751.58 2992.54 1810.47 2919.29 1810.62
P0165 0.07656800746917725 2786.13 1385.47 2826.48 1365.09 2842.20 1396.23 2801.85 1416.61
P0165 0.06750401854515076 2940.88 1239.72 2982.59 1235.66 2986.19 1272.57 2944.47 1276.63
P0165 0.06342773139476776 2730.84 1272.32 2771.64 1235.31 2804.16 1271.16 2763.35 1308.17
P0165 0.06331411749124527 2927.19 1817.16 2987.23 1820.65 2983.87 1878.49 2923.83 1875.00
P1363 0.1878344863653183 3991.16 1225.89 4017.95 1244.04 3998.20 1273.19 3971.41 1255.04
P1363 0.11866845190525055 4491.67 851.59 4509.92 839.49 4520.33 855.19 4502.08 867.29
P1363 0.058843232691287994 4074.29 1897.31 4105.39 1868.58 4134.77 1900.38 4103.67 1929.11
P2447 0.07945555448532104 752.11 643.57 766.63 642.55 767.94 661.27 753.42 662.28
P1126 0.21781878173351288 1701.66 1745.85 1814.18 1709.17 1850.74 1821.34 1738.22 1858.01
P1126 0.20793303847312927 3166.08 1885.37 3274.33 1880.00 3278.00 1954.12 3169.75 1959.48
P0185 0.9293607473373413 1333.90 2706.34 1378.06 2708.38 1371.87 2842.22 1327.71 2840.17
P0185 0.435868501663208 1781.97 1073.86 1828.46 1095.49 1806.72 1142.22 1760.22 1120.59
P0185 0.35418200492858887 1295.76 2691.76 1347.77 2704.16 1324.78 2800.57 1272.76 2788.17
P0185 0.25324705243110657 740.11 2714.32 823.18 2780.60 744.95 2878.64 661.88 2812.36
P0185 0.23511086404323578 123.45 1561.01 210.62 1489.29 269.52 1560.87 182.36 1632.59
P0185 0.0586601160466671 1661.13 1173.89 1707.53 1212.84 1672.94 1254.03 1626.55 1215.08
P0185 0.0503176786005497 1897.37 991.19 1936.34 1014.98 1916.51 1047.48 1877.53 1023.69
P1402 0.8813436031341553 1539.55 733.65 1555.99 732.52 1557.32 751.99 1540.88 753.11
P1402 0.6750213503837585 1578.04 673.83 1596.01 677.02 1592.71 695.60 1574.75 692.41
P1402 0.5344613790512085 1577.47 1097.05 1595.86 1095.78 1597.22 1115.34 1578.83 1116.61
P1402 0.46755948662757874 3560.49 3202.73 3568.81 3202.80 3568.61 3229.84 3560.28 3229.78
P1402 0.36753469705581665 3626.20 3207.52 3640.51 3208.21 3639.29 3233.49 3624.98 3232.80
P1402 0.34868571162223816 1573.90 489.24 1598.04 488.94 1598.25 505.66 1574.11 505.96
P1402 0.33721938729286194 3571.27 3205.60 3581.97 3206.22 3580.50 3231.38 3569.80 3230.75
P1402 0.2873377501964569 3602.53 3208.07 3613.49 3208.09 3613.44 3233.21 3602.48 3233.19
P1402 0.26484623551368713 3548.54 3201.66 3557.84 3201.63 3557.93 3230.82 3548.62 3230.85
P1402 0.20887546241283417 3434.95 3193.46 3444.56 3194.11 3442.44 3225.09 3432.84 3224.44
P1402 0.20411986112594604 3454.76 3203.66 3466.43 3204.12 3465.61 3225.19 3453.94 3224.74
P1402 0.18595276772975922 3891.84 2401.78 3915.46 2413.38 3903.02 2438.68 3879.41 2427.07
P1402 0.1766703873872757 1587.97 1163.42 1607.55 1161.61 1609.29 1180.46 1589.71 1182.27
P1402 0.1541105955839157 3437.78 3113.81 3454.34 3102.24 3464.35 3116.57 3447.79 3128.14
P1402 0.1499965339899063 1537.35 822.79 1555.94 820.06 1559.45 843.95 1540.85 846.68
P1402 0.1484462022781372 3524.29 3197.83 3536.27 3198.22 3535.28 3228.71 3523.30 3228.32
P1402 0.1440926194190979 1090.20 1273.92 1103.03 1264.88 1111.04 1276.24 1098.21 1285.29
P1402 0.14108869433403015 3590.26 3107.75 3606.61 3108.41 3605.84 3127.37 3589.49 3126.70
P1402 0.12677101790905 1332.03 2748.40 1356.15 2763.98 1338.25 2791.70 1314.12 2776.13
P1402 0.12523594498634338 3592.34 3205.54 3603.49 3206.15 3602.05 3232.59 3590.90 3231.98
P1402 0.12300723046064377 3293.22 2426.10 3308.61 2429.30 3305.12 2446.05 3289.73 2442.85
P1402 0.11773333698511124 1899.46 3894.30 1930.86 3891.09 1934.03 3922.06 1902.63 3925.27
P1402 0.1095813512802124 3827.06 2921.15 3856.83 2922.97 3854.59 2959.72 3824.82 2957.91
P1402 0.10164826363325119 3577.30 3099.44 3591.89 3101.12 3589.59 3121.13 3574.99 3119.45
P1402 0.09792546927928925 1582.18 1002.45 1604.00 1001.29 1604.73 1015.11 1582.92 1016.28
P1402 0.09739574790000916 3926.48 2642.24 3947.83 2643.64 3946.48 2664.24 3925.12 2662.84
P1402 0.08945826441049576 3488.12 3102.89 3502.76 3098.99 3509.43 3124.09 3494.80 3127.98
P1402 0.08735718578100204 3414.01 3299.80 3442.35 3301.97 3440.91 3320.81 3412.57 3318.65
P1402 0.08138012140989304 3534.13 3266.83 3548.74 3266.98 3548.51 3288.86 3533.89 3288.70
P1402 0.08093897253274918 1585.74 1015.15 1604.06 1017.77 1600.95 1039.50 1582.63 1036.88
P1402 0.07380937784910202 2838.96 720.00 2865.17 725.69 2855.69 769.38 2829.48 763.69
P1402 0.07193505764007568 3800.24 3094.41 3810.56 3096.07 3807.65 3114.10 3797.33 3112.43
P1402 0.07157472521066666 3858.38 2400.49 3887.50 2408.16 3880.20 2435.90 3851.07 2428.22
P1402 0.0706847533583641 1878.38 486.80 1892.72 485.02 1895.25 505.41 1880.91 507.19
P1402 0.06830816715955734 3664.18 2930.52 3680.44 2932.15 3678.01 2956.23 3661.76 2954.60
P1402 0.06654821336269379 750.64 3921.30 817.72 3971.42 760.81 4047.58 693.74 3997.45
P1402 0.06539836525917053 1886.96 3870.39 1914.84 3886.09 1897.46 3916.94 1869.58 3901.24
P1402 0.06432756036520004 3929.39 2424.49 3973.76 2421.28 3975.52 2445.56 3931.14 2448.77
P1402 0.06417448818683624 3613.84 3107.04 3627.75 3113.82 3620.05 3129.61 3606.14 3122.83
P1402 0.06375829130411148 3477.94 3092.16 3577.85 3099.66 3576.29 3120.51 3476.38 3113.01
P1402 0.062300462275743484 3806.68 3097.88 3817.86 3096.46 3819.79 3111.71 3808.61 3113.13
P1402 0.06162368506193161 3425.36 3191.19 3433.51 3192.01 3430.56 3221.25 3422.41 3220.42
P1402 0.05538039281964302 1839.01 490.50 1853.58 489.54 1854.63 505.40 1840.06 506.36
P1402 0.053839221596717834 2201.07 4241.93 2226.03 4245.54 2223.14 4265.49 2198.18 4261.87
P1402 0.05320512130856514 3672.03 3409.99 3685.92 3411.89 3682.31 3438.28 3668.43 3436.38
P1402 0.05185312405228615 3423.87 3044.03 3438.63 3043.84 3438.86 3061.90 3424.10 3062.09
P1146 0.13020636141300201 4934.09 2049.32 5006.84 2006.49 5053.68 2086.04 4980.93 2128.87
P1145 0.05176901817321777 2118.72 2988.25 2247.58 2896.17 2341.63 3027.79 2212.77 3119.87
P1728 0.3211390972137451 -3.94 3399.26 17.47 3393.72 22.93 3414.82 1.52 3420.36
P1175 0.2717074155807495 2196.40 2683.56 2218.70 2680.93 2221.38 2703.66 2199.09 2706.29
P1175 0.1638810932636261 2261.96 2367.31 2320.83 2312.81 2369.79 2365.69 2310.92 2420.19
P1411 0.08148451149463654 2000.51 2764.82 2033.43 2763.55 2034.82 2799.45 2001.89 2800.73
P0033 0.1857859045267105 1718.55 1558.74 1811.75 1528.66 1841.85 1621.90 1748.65 1651.98
P1068 0.12874972820281982 1827.58 2270.05 1850.39 2285.45 1836.81 2305.54 1814.01 2290.13
P2037 0.4432896077632904 1549.74 540.54 1594.54 525.20 1610.89 572.94 1566.09 588.28
P2037 0.1168399378657341 3235.90 61.66 3310.27 74.58 3298.08 144.78 3223.71 131.86
P2596 0.07947008311748505 911.32 1015.48 998.24 1016.22 997.96 1048.70 911.05 1047.97
P1668 0.3127712607383728 2743.28 841.29 2774.18 872.14 2733.78 912.62 2702.87 881.77
P1706 0.05934871733188629 1298.11 984.57 1329.53 979.26 1335.33 1013.58 1303.90 1018.88
P1169 0.9200489521026611 1658.39 653.36 1693.29 648.44 1698.51 685.51 1663.61 690.43
P1169 0.845221757888794 1798.78 747.67 1836.33 758.31 1827.91 788.02 1790.36 777.37
P1169 0.6226581335067749 1765.58 673.02 1797.38 658.70 1809.31 685.17 1777.50 699.50
P1169 0.10604815930128098 1612.19 639.03 1637.22 631.42 1645.16 657.55 1620.13 665.16
P1169 0.1056954637169838 1902.44 937.76 1928.12 928.20 1938.35 955.69 1912.68 965.24
P1169 0.07434218376874924 1749.17 623.67 1779.93 634.62 1768.86 665.70 1738.10 654.75
P1169 0.07391564548015594 1748.60 667.83 1764.79 667.32 1765.34 684.78 1749.15 685.30
P1169 0.06179497763514519 1546.77 736.17 1570.70 714.40 1593.95 739.95 1570.02 761.72
P1406 0.8468911647796631 3708.34 3719.22 3733.99 3712.95 3740.88 3741.09 3715.23 3747.37
P1406 0.8315970301628113 3689.39 3750.49 3715.59 3743.30 3722.60 3768.85 3696.39 3776.03
P1406 0.8302074670791626 3941.71 3862.71 3965.07 3850.38 3978.28 3875.43 3954.92 3887.76
P1406 0.40243253111839294 3629.37 3865.63 3651.69 3884.63 3632.30 3907.41 3609.98 3888.41
P1406 0.3713935315608978 3744.24 3660.07 3766.43 3648.34 3780.01 3674.03 3757.82 3685.76
P1406 0.16810517013072968 5239.90 3489.39 5323.05 3545.85 5263.60 3633.41 5180.44 3576.95
P1406 0.052167780697345734 3769.93 3631.84 3787.67 3624.03 3795.65 3642.15 3777.91 3649.96
P1124 0.09842505306005478 2095.94 1547.11 2195.69 1524.75 2215.16 1611.64 2115.41 1633.99
P1048 0.05632737651467323 1257.70 1145.90 1283.75 1157.84 1273.20 1180.86 1247.15 1168.92
P1865 0.6824820041656494 226.07 1578.50 251.08 1579.20 249.27 1643.45 224.27 1642.74
P1865 0.49822407960891724 201.30 1572.94 222.22 1572.87 222.46 1641.66 201.53 1641.73
P1865 0.16837255656719208 255.13 1585.23 278.98 1586.26 276.01 1655.05 252.15 1654.02
P1865 0.15119951963424683 396.80 5218.05 424.22 5213.80 438.16 5303.84 410.73 5308.08
P1865 0.12814752757549286 261.73 1770.08 283.39 1771.43 279.92 1827.32 258.26 1825.98
P1865 0.1248060092329979 250.37 1422.27 270.46 1421.95 271.30 1474.62 251.21 1474.94
P1865 0.11693339049816132 274.28 1418.88 296.17 1419.97 293.03 1483.52 271.13 1482.44
P1865 0.10924416780471802 328.21 1410.22 347.09 1413.74 333.71 1485.48 314.83 1481.96
P1865 0.09717150032520294 294.95 1419.63 316.39 1419.48 316.78 1476.12 295.34 1476.27
P2635 0.47724974155426025 2310.75 1138.35 2473.46 1205.00 2420.09 1335.30 2257.37 1268.65
P2635 0.3338930308818817 3346.76 1437.96 3372.33 1438.74 3370.34 1504.32 3344.78 1503.55
P2635 0.21191276609897614 2558.54 1905.45 2596.54 1905.84 2595.32 2027.16 2557.32 2026.78
P2635 0.08550627529621124 872.32 1989.46 898.67 1990.69 893.43 2103.09 867.09 2101.87
P2635 0.06883565336465836 2074.31 1490.58 2124.42 1497.05 2119.64 1534.05 2069.53 1527.57
P1655 0.6395286321640015 3738.15 3089.64 3765.13 3081.22 3771.65 3102.10 3744.67 3110.53
P1655 0.4999178647994995 3659.70 3107.35 3686.36 3101.95 3690.96 3124.73 3664.30 3130.12
P1180 0.7851755023002625 2018.84 1642.15 2037.43 1647.23 2032.19 1666.46 2013.59 1661.39
P1180 0.06868157535791397 1364.67 1451.73 1400.44 1438.70 1414.59 1477.52 1378.82 1490.55
P1796 0.10999582707881927 5324.25 2408.66 5351.78 2414.54 5348.81 2428.44 5321.28 2422.55
P1796 0.07525625824928284 2124.70 1485.11 2140.24 1472.97 2178.77 1522.31 2163.23 1534.45
P1796 0.06945306807756424 1755.86 2956.45 1779.83 2971.47 1762.43 2999.23 1738.46 2984.21
P1796 0.06833797693252563 2934.19 4374.92 2965.72 4392.85 2941.91 4434.74 2910.37 4416.82
P1425 0.2735028564929962 5201.11 1219.10 5321.09 1207.51 5331.75 1317.85 5211.77 1329.44
P1425 0.19782017171382904 5287.72 1470.23 5409.96 1403.57 5466.21 1506.73 5343.98 1573.39
P1425 0.0791785940527916 5158.14 1092.00 5254.34 1177.77 5150.38 1294.39 5054.17 1208.62
P1485 0.9992467164993286 990.46 2466.73 1098.19 2437.03 1137.55 2579.78 1029.81 2609.48
P1485 0.47012805938720703 1279.79 421.58 1316.28 410.86 1338.76 487.39 1302.28 498.11
P1379 0.1126333624124527 249.51 2307.83 304.26 2336.46 270.22 2401.56 215.47 2372.93
P1379 0.10301695764064789 2725.98 3377.40 2788.11 3377.21 2788.31 3441.14 2726.18 3441.34
P1379 0.07645690441131592 1786.09 2042.19 1820.84 2066.14 1778.71 2127.28 1743.96 2103.32
P1424 0.5708408355712891 5352.93 2913.98 5502.37 3016.72 5378.69 3196.61 5229.25 3093.87
P1424 0.2696208655834198 5728.60 1091.03 5881.36 1168.79 5753.64 1419.69 5600.89 1341.93
P1424 0.21922114491462708 3569.07 2594.23 3675.51 2625.56 3632.64 2771.25 3526.19 2739.92
P1424 0.07957715541124344 324.42 1286.04 489.94 1391.56 454.95 1446.44 289.44 1340.92
P1424 0.06408567726612091 5880.55 2720.78 6017.47 2628.99 6086.91 2732.57 5949.98 2824.36
P0859 0.24222899973392487 1034.80 1381.05 1070.82 1377.75 1080.11 1479.42 1044.09 1482.71
P0859 0.1868634968996048 1095.03 1378.81 1135.52 1373.17 1146.71 1453.45 1106.22 1459.10
P0112 0.09560229629278183 6801.96 3496.57 6819.31 3497.42 6818.64 3511.08 6801.29 3510.22
P0112 0.07536295801401138 5353.98 2077.01 5390.78 2068.45 5404.86 2128.94 5368.05 2137.50
P0112 0.06620633602142334 4271.24 4145.99 4305.46 4135.23 4316.77 4171.20 4282.55 4181.96
P1280 0.3234904110431671 2922.20 954.82 2954.87 936.84 2973.81 971.25 2941.14 989.23
P2636 0.24678979814052582 1196.89 2006.64 1218.49 2005.24 1221.97 2058.89 1200.38 2060.30
P2636 0.058614879846572876 1000.09 1575.30 1024.43 1589.73 985.58 1655.25 961.24 1640.82
P0089 0.9246089458465576 1052.07 181.72 1150.13 121.81 1187.17 182.45 1089.12 242.35
P0089 0.07063974440097809 2023.35 2571.46 2073.71 2587.00 2059.93 2631.62 2009.58 2616.08
P0984 0.10241369903087616 7199.94 315.12 7227.58 307.35 7242.55 360.65 7214.91 368.42
P1500 0.8167896866798401 3593.60 2888.17 3626.81 2863.20 3663.53 2912.04 3630.32 2937.01
P1500 0.31241574883461 2891.63 1184.68 2953.21 1144.90 3030.13 1263.97 2968.55 1303.75
P1500 0.10933626443147659 3691.75 2827.47 3721.72 2801.01 3757.84 2841.94 3727.87 2868.39
P1500 0.08182885497808456 3109.60 1905.78 3158.53 1942.54 3124.35 1988.04 3075.42 1951.29
P1500 0.07432582229375839 3189.91 2091.33 3214.90 2107.16 3193.58 2140.81 3168.59 2124.98
P1500 0.06354666501283646 836.84 3297.20 867.22 3275.46 885.64 3301.20 855.25 3322.94
P2762 0.15773671865463257 7551.70 3926.99 7635.62 3901.83 7654.56 3965.00 7570.64 3990.16
P2762 0.08930765092372894 7437.37 2259.80 7463.35 2238.80 7481.50 2261.25 7455.52 2282.25
P0166 0.10101199895143509 963.84 2965.90 979.65 2957.20 989.65 2975.36 973.84 2984.06
P0166 0.06071622297167778 2376.57 1870.69 2405.75 1848.64 2423.01 1871.48 2393.83 1893.53
P2448 0.21323923766613007 1807.94 1952.30 1822.48 1966.40 1805.74 1983.67 1791.19 1969.57
P2448 0.051648035645484924 1400.01 865.60 1411.66 864.32 1414.21 887.38 1402.55 888.66
P1956 0.17934384942054749 14.51 554.31 74.76 533.22 102.48 612.39 42.23 633.48
P2208 0.9300203919410706 4362.16 245.10 4385.16 261.26 4368.24 285.35 4345.23 269.19
P2208 0.8638891577720642 1120.20 2379.29 1157.64 2381.86 1156.22 2402.47 1118.79 2399.89
P2208 0.682483971118927 4715.95 1260.34 4761.94 1263.60 4759.15 1302.93 4713.17 1299.67
P2208 0.6350173950195312 4325.89 246.30 4348.59 240.94 4354.25 264.94 4331.54 270.29
P2208 0.6114952564239502 4459.09 1499.45 4491.05 1520.03 4468.50 1555.04 4436.55 1534.47
P2208 0.5426269173622131 3310.55 2073.85 3380.89 2113.28 3348.85 2170.44 3278.51 2131.01
P2208 0.5328829288482666 3552.99 2489.25 3630.06 2485.05 3633.48 2547.87 3556.41 2552.06
P2208 0.5078776478767395 1413.56 2469.55 1431.80 2470.61 1430.89 2486.33 1412.65 2485.28
P2208 0.4687080681324005 4194.94 349.57 4217.94 335.30 4231.63 357.37 4208.63 371.64
P2208 0.46137481927871704 4362.92 289.55 4382.30 287.71 4383.97 305.30 4364.59 307.14
P2208 0.4343683123588562 4196.77 310.30 4218.62 308.05 4221.05 331.61 4199.19 333.86
P2208 0.4338822364807129 3885.75 2677.55 3967.13 2662.55 3980.11 2733.00 3898.73 2748.00
P2208 0.41933271288871765 4860.18 1622.66 4934.01 1645.99 4913.93 1709.54 4840.10 1686.21
P2208 0.41883155703544617 4454.22 1540.50 4504.28 1535.45 4508.22 1574.49 4458.16 1579.55
P2208 0.383901983499527 4194.89 277.08 4226.92 276.89 4227.07 303.59 4195.05 303.78
P2208 0.3662700653076172 2777.56 2634.57 2844.54 2639.31 2837.04 2745.25 2770.07 2740.51
P2208 0.35302963852882385 4885.96 1531.28 4944.85 1582.90 4897.88 1636.48 4838.99 1584.86
P2208 0.2918344736099243 4198.30 371.00 4225.75 372.77 4224.13 398.07 4196.67 396.31
P2208 0.28330862522125244 1707.82 2535.29 1724.09 2537.99 1721.02 2556.49 1704.75 2553.79
P2208 0.2749812602996826 3320.14 1597.48 3366.76 1562.37 3425.66 1640.58 3379.05 1675.69
P2208 0.22563141584396362 3614.69 2529.58 3686.06 2571.53 3648.52 2635.38 3577.15 2593.43
P2208 0.20903053879737854 2288.47 474.38 2316.58 472.14 2318.87 500.72 2290.76 502.97
P2208 0.17163985967636108 4286.77 335.93 4304.86 324.63 4320.49 349.67 4302.40 360.97
P2208 0.1670975387096405 1014.94 2466.37 1029.54 2465.47 1030.63 2483.29 1016.04 2484.19
P2208 0.1572490781545639 2787.24 230.97 2805.77 242.27 2794.67 260.47 2776.15 249.18
P2208 0.13790565729141235 2976.44 1928.67 3014.40 1913.47 3029.50 1951.16 2991.54 1966.36
P2208 0.12443336844444275 4610.21 2610.26 4683.36 2610.83 4682.91 2669.22 4609.76 2668.66
P2208 0.11880454421043396 3310.25 1754.29 3390.11 1732.93 3406.01 1792.37 3326.14 1813.73
P2208 0.11210203170776367 3948.27 615.49 3967.33 617.44 3964.82 641.95 3945.76 640.00
P2208 0.11173611134290695 2172.13 245.57 2198.81 245.22 2199.48 296.44 2172.81 296.79
P2208 0.10861179232597351 4200.72 253.41 4222.82 256.02 4220.23 277.98 4198.12 275.36
P2208 0.10792547464370728 3155.88 1286.89 3215.91 1245.54 3255.18 1302.56 3195.16 1343.91
P2208 0.09759882092475891 1266.42 2450.10 1313.87 2444.47 1317.00 2470.83 1269.55 2476.46
P2208 0.09596943110227585 2192.83 2322.41 2213.58 2337.60 2199.81 2356.40 2179.06 2341.21
P2208 0.09153468161821365 3670.41 1723.11 3725.19 1675.84 3758.35 1714.26 3703.58 1761.54
P2208 0.09103035181760788 4195.02 397.74 4225.05 399.73 4223.09 429.29 4193.06 427.30
P2208 0.08743902295827866 4915.53 1538.51 4991.84 1527.14 5002.48 1598.46 4926.17 1609.83
P2208 0.07992912828922272 4456.43 1586.63 4525.43 1608.25 4508.15 1663.38 4439.15 1641.76
P2208 0.07918685674667358 3219.40 1331.68 3287.89 1326.79 3290.08 1357.48 3221.59 1362.37
P2208 0.07902547717094421 1487.05 1694.23 1519.98 1686.06 1527.21 1715.23 1494.27 1723.39
P2208 0.06987866014242172 3276.90 2087.13 3307.93 2098.98 3297.35 2126.72 3266.31 2114.88
P2208 0.06962370127439499 4050.53 1530.16 4067.48 1532.27 4062.99 1568.30 4046.04 1566.19
P2208 0.05748386308550835 3033.78 1828.30 3104.80 1862.70 3075.11 1924.00 3004.09 1889.61
P2208 0.05638182535767555 4862.39 1705.35 4933.13 1717.67 4921.99 1781.66 4851.25 1769.33
P2208 0.05176026374101639 3663.90 508.03 3740.15 509.76 3738.70 573.35 3662.46 571.62
P2773 0.13796913623809814 2071.60 3810.73 2106.08 3800.08 2123.41 3856.19 2088.93 3866.84
P1468 0.2969997823238373 3646.43 2451.03 3711.60 2438.00 3736.80 2564.15 3671.64 2577.17
P0247 0.7257702350616455 393.92 1153.31 433.59 1119.83 459.88 1150.99 420.21 1184.47
P0247 0.32925093173980713 350.41 935.94 425.36 1000.84 407.94 1020.96 332.99 956.05
P0181 0.8900559544563293 4072.74 586.08 4153.71 606.42 4133.14 688.28 4052.17 667.94
P0181 0.09739204496145248 2007.56 446.09 2023.10 436.66 2033.30 453.47 2017.76 462.90
P1423 0.0553923025727272 803.24 1581.46 910.01 1548.02 967.41 1731.32 860.64 1764.76
P0196 0.09726007282733917 1802.48 715.86 1849.51 692.62 1861.60 717.08 1814.57 740.32
P1772 0.054204609245061874 5662.86 2234.10 5704.69 2258.31 5687.99 2287.16 5646.16 2262.95
P1372 0.1724565029144287 2285.98 1767.28 2304.54 1784.19 2289.09 1801.15 2270.53 1784.24
P2559 0.07820266485214233 1487.12 2007.64 1505.14 2000.50 1514.33 2023.67 1496.31 2030.81
P1160 0.9985306262969971 183.60 4049.96 274.82 4087.45 243.99 4162.47 152.77 4124.98
P1160 0.9976370334625244 227.07 3954.35 304.45 3986.26 275.21 4057.17 197.83 4025.25
P1160 0.991486668586731 154.44 4144.39 231.30 4185.25 193.38 4256.58 116.52 4215.72
P1160 0.9914440512657166 1026.68 3419.07 1100.40 3462.20 1057.65 3535.29 983.92 3492.16
P1160 0.9900604486465454 900.82 3711.84 995.54 3756.38 961.09 3829.64 866.37 3785.11
P1160 0.9893731474876404 309.02 4227.21 393.25 4215.45 404.40 4295.27 320.17 4307.04
P1160 0.7871432900428772 501.86 4309.63 596.70 4358.66 554.01 4441.23 459.17 4392.19
P1160 0.5875699520111084 571.40 4153.76 656.94 4187.63 624.36 4269.92 538.82 4236.05
P1160 0.1840439736843109 1922.02 641.21 1949.56 627.67 1962.76 654.52 1935.22 668.05
P1160 0.15616151690483093 1055.14 3414.83 1090.53 3444.75 1071.98 3466.69 1036.59 3436.77
P1160 0.134832963347435 174.83 4036.77 208.33 4019.14 225.67 4052.10 192.17 4069.73
P1160 0.10131867974996567 1928.24 666.50 2008.50 650.19 2027.56 743.95 1947.30 760.26
P1436 0.4507835805416107 2021.18 2548.94 2083.54 2545.37 2087.36 2612.20 2025.00 2615.77
P1436 0.06909291446208954 4693.23 2732.06 4715.96 2728.39 4726.20 2791.80 4703.48 2795.47
P0137 0.8962224125862122 3603.60 1219.56 3657.44 1239.55 3642.62 1279.48 3588.77 1259.49
P0137 0.503217339515686 3947.87 1331.51 4001.40 1351.52 3988.21 1386.80 3934.68 1366.79
P0137 0.4787779450416565 4443.44 1089.35 4477.61 1110.83 4448.69 1156.84 4414.52 1135.36
P0137 0.21873100101947784 3077.89 2661.22 3090.53 2658.23 3093.82 2672.12 3081.17 2675.11
P2272 0.06049454212188721 924.74 1594.56 938.43 1593.67 939.19 1605.33 925.50 1606.22
P0208 0.13328051567077637 1266.18 1629.25 1345.87 1602.01 1376.96 1692.94 1297.27 1720.18
P0208 0.1123080626130104 1342.79 1837.06 1420.66 1807.34 1452.28 1890.16 1374.40 1919.88
P0208 0.10356903076171875 1386.34 1934.50 1463.38 1904.73 1498.19 1994.83 1421.16 2024.60
P2202 0.11068176478147507 44.11 566.58 73.45 572.46 68.51 597.09 39.17 591.20
P2202 0.09527477622032166 72.43 416.54 93.46 419.34 91.17 436.60 70.13 433.81
P2202 0.07627057284116745 61.67 894.21 77.99 896.42 76.33 908.70 60.00 906.49
P1396 0.997124969959259 2090.39 699.42 2128.71 699.08 2129.75 819.28 2091.43 819.61
P1396 0.9965875148773193 2127.23 705.27 2170.25 704.29 2173.02 826.53 2130.00 827.51
P1396 0.995845377445221 2170.29 477.21 2212.67 479.66 2205.71 600.34 2163.32 597.89
P1396 0.9957754015922546 2053.05 694.81 2091.70 696.12 2087.54 819.21 2048.89 817.90
P1396 0.9950245022773743 2121.20 470.62 2162.44 472.63 2157.08 582.69 2115.83 580.69
P1396 0.9923182725906372 2153.04 1177.80 2189.93 1178.87 2186.23 1306.06 2149.34 1304.98
P1396 0.9901699423789978 2201.03 1199.72 2237.10 1201.27 2232.47 1309.23 2196.40 1307.68
P1396 0.9882714152336121 711.60 2086.77 731.45 2085.11 736.32 2143.38 716.48 2145.04
P1396 0.9805152416229248 2236.78 1220.31 2273.46 1221.09 2271.11 1331.83 2234.42 1331.05
P1396 0.923512876033783 628.76 2294.85 654.32 2298.39 643.04 2379.78 617.48 2376.23
P1396 0.9208633303642273 1999.85 617.26 2050.63 617.78 2049.42 735.86 1998.64 735.34
P1396 0.8910625576972961 588.06 2288.55 612.83 2291.47 602.93 2375.42 578.16 2372.50
P1396 0.7980059385299683 767.21 2067.25 793.67 2067.69 792.05 2165.71 765.60 2165.28
P1396 0.5533941388130188 2162.06 619.36 2206.31 619.02 2207.20 734.48 2162.95 734.83
P1396 0.5341919660568237 551.61 2285.84 577.39 2289.33 565.95 2373.87 540.17 2370.38
P1396 0.22527383267879486 1137.98 1661.92 1195.21 1665.50 1193.92 1686.02 1136.70 1682.43
P1396 0.21799734234809875 2037.32 465.51 2087.31 490.67 2039.66 585.33 1989.67 560.17
P1396 0.16401268541812897 866.41 2087.42 888.80 2087.06 889.79 2149.02 867.40 2149.38
P1396 0.15370386838912964 665.59 2311.81 695.25 2316.11 682.63 2403.33 652.96 2399.04
P1396 0.11136795580387115 1269.13 1219.66 1325.79 1214.45 1329.55 1255.33 1272.88 1260.53
P1396 0.10752730816602707 1770.17 2183.63 1882.59 2146.17 1929.75 2287.72 1817.33 2325.18
P1396 0.08452404290437698 308.55 6210.17 336.06 6202.39 362.16 6294.71 334.66 6302.49
P1396 0.07714333385229111 1713.69 2726.97 1744.76 2721.26 1755.29 2778.55 1724.22 2784.26
P1396 0.06659947335720062 812.65 2078.60 845.16 2076.81 849.45 2154.96 816.94 2156.74
P1396 0.06445419043302536 1879.13 2706.70 1905.68 2705.17 1912.17 2817.49 1885.61 2819.03
P1396 0.06278374046087265 1869.66 2385.74 1904.12 2388.59 1898.33 2458.72 1863.87 2455.87
P1396 0.05143062397837639 1863.61 1500.36 2005.76 1506.60 2004.37 1538.32 1862.22 1532.08
P2684 0.1876979023218155 2378.16 2328.19 2419.83 2328.31 2419.46 2468.82 2377.78 2468.71
P0506 0.09128788858652115 842.83 607.19 861.11 611.28 851.49 654.35 833.20 650.27
P0043 0.10217898339033127 3206.90 2320.50 3253.85 2326.51 3250.34 2353.97 3203.38 2347.96
P0017 0.05476563423871994 1654.92 3854.16 1685.16 3879.55 1626.70 3949.17 1596.47 3923.78
P0325 0.14324767887592316 1066.32 881.38 1192.04 803.06 1286.47 954.63 1160.74 1032.96
P0325 0.11485236883163452 2112.77 858.76 2280.76 976.96 2181.30 1118.30 2013.31 1000.10
P0325 0.11136524379253387 1259.37 500.42 1291.39 508.77 1281.36 547.23 1249.34 538.88
P1488 0.06803576648235321 915.61 5289.65 939.40 5287.19 942.21 5314.37 918.42 5316.84
P2263 0.3714201748371124 1508.47 353.55 1532.25 358.41 1529.32 372.77 1505.53 367.91
P1153 0.5988370180130005 459.83 3612.15 557.24 3541.11 616.18 3621.93 518.77 3692.97
P1153 0.5395519733428955 1676.42 2424.88 1824.94 2345.71 1921.14 2526.16 1772.62 2605.33
P1153 0.5392126441001892 1304.84 2796.26 1442.17 2743.48 1509.91 2919.73 1372.58 2972.51
P1153 0.3970247209072113 781.44 3297.24 879.66 3238.81 953.27 3362.54 855.04 3420.97
P1153 0.23523078858852386 1863.29 2148.34 1944.74 2118.35 1974.44 2199.01 1892.99 2229.00
P1153 0.21200738847255707 1634.91 1095.51 1782.14 982.45 1855.63 1078.14 1708.40 1191.21
P1153 0.17460434138774872 1047.74 3019.61 1168.57 2923.49 1303.00 3092.47 1182.17 3188.59
P1153 0.11181695759296417 979.35 423.23 1032.76 380.97 1122.37 494.22 1068.96 536.48
P1153 0.08590807765722275 1007.96 455.02 1213.37 604.10 1072.10 798.74 866.70 649.67
P1153 0.07917532324790955 826.22 3200.63 942.57 3111.07 1078.30 3287.39 961.95 3376.96
P1153 0.07624093443155289 782.46 409.79 896.72 343.79 997.74 518.68 883.48 584.68
P1153 0.07311806827783585 619.50 712.13 744.34 613.40 812.47 699.55 687.63 798.28
P1153 0.07175792753696442 1176.82 2938.30 1309.50 2845.34 1421.89 3005.75 1289.21 3098.71
P1153 0.051398277282714844 934.99 3079.33 1038.60 2995.62 1190.26 3183.33 1086.65 3267.04
P2647 0.1900177299976349 792.94 696.19 910.70 681.95 939.12 916.97 821.36 931.20
P2647 0.1445191204547882 711.92 733.04 832.18 747.06 812.42 916.51 692.16 902.49
P0678 0.11832288652658463 1021.68 1251.79 1049.98 1267.05 1021.02 1320.75 992.72 1305.49
P0092 0.05324479565024376 1717.36 600.12 1830.29 599.79 1830.92 811.49 1717.99 811.82
P2069 0.18491975963115692 132.82 217.67 147.17 216.76 148.63 239.81 134.28 240.72
P2069 0.12628088891506195 289.18 1246.41 305.45 1245.55 309.86 1328.31 293.59 1329.18
P2069 0.08829526603221893 596.15 1223.06 613.69 1223.27 612.54 1320.02 595.00 1319.82
P2069 0.07050257176160812 593.31 960.46 657.08 902.88 672.07 919.48 608.29 977.06
P2069 0.05578086897730827 240.70 1243.12 259.17 1244.88 251.52 1324.71 233.05 1322.94
P1523 0.09570161998271942 3249.81 979.37 3271.76 987.64 3262.06 1013.37 3240.11 1005.10
P0842 0.41039055585861206 34.57 55.46 51.04 56.64 48.68 89.83 32.21 88.65
P0842 0.2785164415836334 84.17 29.39 104.47 34.09 97.64 63.59 77.34 58.89
P0842 0.08463688939809799 1943.03 558.81 2019.18 615.89 1999.63 641.98 1923.48 584.90
P2623 0.22844873368740082 655.12 1455.80 670.52 1447.28 687.67 1478.27 672.26 1486.79
P2573 0.10204225778579712 553.90 1111.26 581.13 1107.53 586.74 1148.46 559.50 1152.19
P0057 0.2899199426174164 2011.59 451.01 2044.78 449.07 2049.14 523.73 2015.95 525.67
P0057 0.07610465586185455 1874.83 448.56 1905.55 448.95 1904.57 525.59 1873.84 525.20
P1176 0.991075873374939 925.52 2077.41 954.51 2060.85 976.15 2098.71 947.16 2115.27
P1176 0.9863483905792236 1025.81 2054.18 1059.11 2067.76 1045.98 2099.94 1012.68 2086.36
P1176 0.9681329727172852 3606.65 1669.51 3633.19 1667.61 3635.38 1698.16 3608.84 1700.06
P1176 0.9357256293296814 3459.79 1688.13 3486.08 1684.44 3490.87 1718.57 3464.58 1722.26
P1176 0.9308759570121765 3571.74 1672.54 3594.74 1668.53 3600.44 1701.22 3577.44 1705.23
P1176 0.9173903465270996 3400.01 1695.90 3422.96 1690.48 3430.80 1723.69 3407.85 1729.11
P1176 0.9001103639602661 3540.12 1676.69 3563.11 1674.40 3566.38 1707.30 3543.39 1709.60
P1176 0.7790146470069885 3367.46 1701.55 3390.89 1698.75 3394.57 1729.61 3371.15 1732.41
P1176 0.7359632253646851 3333.90 1708.86 3356.47 1705.49 3361.29 1737.75 3338.73 1741.12
P1176 0.6582387089729309 3500.50 1683.74 3522.02 1680.81 3526.10 1710.78 3504.58 1713.71
P1176 0.12682440876960754 4216.16 1602.52 4235.15 1599.28 4239.26 1623.41 4220.27 1626.65
P1176 0.06234202906489372 4382.50 1561.85 4413.80 1556.74 4419.90 1593.99 4388.59 1599.11
P1176 0.06061362847685814 3831.18 1639.46 3849.17 1637.03 3853.54 1669.38 3835.55 1671.82
P1176 0.05792272463440895 4457.18 1551.73 4488.73 1544.62 4497.91 1585.39 4466.36 1592.50
P1176 0.052913080900907516 4590.01 1529.54 4622.43 1522.73 4631.08 1563.92 4598.66 1570.72
P0679 0.3318982422351837 566.37 1993.39 601.29 1985.44 610.17 2024.47 575.25 2032.41
P0679 0.07454898953437805 663.85 1985.01 733.18 1949.76 767.91 2018.05 698.57 2053.31
P1024 0.07037439942359924 158.37 1068.16 192.74 1060.63 201.58 1100.99 167.21 1108.51
P2586 0.06726717948913574 1150.07 1394.02 1175.41 1386.08 1187.81 1425.67 1162.48 1433.61
P1162 0.9766671657562256 525.83 520.42 735.64 567.76 678.80 819.66 468.99 772.32
P0901 0.5221025943756104 127.29 2051.43 191.14 2014.92 213.10 2053.34 149.25 2089.84
P1417 0.10634129494428635 2937.65 2084.10 3034.81 2161.11 3011.92 2189.98 2914.76 2112.97
P1135 0.1360161155462265 364.99 160.71 497.95 292.08 418.14 372.85 285.18 241.48
P1177 0.9993206262588501 253.33 873.95 344.54 797.25 430.48 899.46 339.27 976.16
P1177 0.9992068409919739 1349.66 688.81 1462.26 640.86 1515.21 765.22 1402.61 813.17
P1177 0.9991046786308289 789.17 769.70 882.03 736.70 924.54 856.30 831.68 889.31
P1177 0.999039351940155 526.14 803.64 633.21 765.21 677.95 889.87 570.87 928.30
P1177 0.9990261793136597 1093.57 723.91 1190.70 691.78 1230.22 811.26 1133.10 843.39
P1177 0.9986072182655334 1217.34 704.40 1326.53 662.82 1374.81 789.62 1265.62 831.20
P1177 0.998350977897644 941.82 737.87 1035.53 706.88 1078.89 837.97 985.18 868.97
P1177 0.9979629516601562 1913.45 1116.09 2029.78 1079.78 2070.90 1211.52 1954.57 1247.83
P1177 0.997266411781311 398.43 814.77 509.61 783.74 547.20 918.40 436.02 949.43
P1177 0.9971725940704346 1763.07 1154.08 1865.48 1114.37 1909.40 1227.63 1806.99 1267.35
P1177 0.9637093544006348 4464.81 230.87 4586.70 208.28 4623.06 404.44 4501.17 427.04
P1177 0.6142714619636536 5307.18 91.51 5419.81 74.11 5449.40 265.77 5336.77 283.16
P1177 0.589735209941864 2274.57 556.21 2344.72 542.44 2371.86 680.71 2301.71 694.47
P1177 0.5219789743423462 5075.97 152.19 5221.22 114.94 5267.31 294.63 5122.06 331.88
P1177 0.3933463990688324 4138.47 348.17 4206.22 338.34 4219.99 433.30 4152.24 443.12
P1177 0.35817471146583557 4786.86 211.25 4921.34 179.14 4963.60 356.13 4829.12 388.24
P1177 0.33738380670547485 3352.04 999.59 3537.58 989.20 3549.84 1208.22 3364.30 1218.61
P1177 0.3194687068462372 2993.57 555.96 3067.35 513.16 3115.43 596.04 3041.65 638.84
P1177 0.2842346131801605 2415.63 567.80 2533.51 550.58 2558.46 721.39 2440.58 738.61
P1177 0.2622109353542328 3585.28 421.81 3675.00 419.44 3677.49 513.84 3587.77 516.21
P1177 0.22672559320926666 3828.55 396.94 3900.93 392.55 3907.62 502.79 3835.23 507.18
P1177 0.21660935878753662 4195.28 908.38 4376.25 874.67 4412.31 1068.26 4231.34 1101.96
P1177 0.18533693253993988 2660.54 448.97 2751.05 417.97 2782.05 508.46 2691.54 539.47
P1177 0.16651980578899384 3195.20 382.01 3389.72 372.43 3400.22 585.67 3205.71 595.26
P1177 0.12300796061754227 3698.71 416.68 3781.48 409.58 3791.10 521.73 3708.33 528.83
P1177 0.061158034950494766 3483.18 426.90 3581.16 414.80 3593.44 514.28 3495.47 526.38
P0784 0.05441339686512947 1732.54 690.80 1808.95 751.21 1794.38 769.64 1717.96 709.23
P0784 0.05223558098077774 2934.63 976.23 2978.59 986.67 2973.56 1007.85 2929.60 997.41
P1937 0.15344181656837463 909.81 1339.34 927.29 1356.14 891.77 1393.10 874.29 1376.31
P2567 0.37855294346809387 625.82 1067.64 644.20 1061.16 652.87 1085.76 634.49 1092.24
P1853 0.13409721851348877 1450.25 434.13 1505.50 428.42 1512.15 492.80 1456.90 498.50
P1503 0.9838011860847473 1035.34 1588.53 1083.75 1569.20 1101.91 1614.70 1053.50 1634.02
P1503 0.13496002554893494 123.93 1864.29 149.15 1854.07 160.59 1882.29 135.37 1892.51
P1503 0.10976086556911469 662.78 914.44 701.52 903.45 714.10 947.78 675.36 958.77
P1503 0.10483803600072861 249.41 2089.72 283.74 2072.28 302.99 2110.16 268.67 2127.60
P1503 0.08950059115886688 1489.14 2378.70 1521.98 2363.03 1540.04 2400.86 1507.19 2416.53
P2581 0.23839029669761658 741.47 484.40 757.94 491.85 745.59 519.15 729.12 511.70
P2658 0.3329896926879883 910.34 1158.26 1030.57 1172.22 1019.74 1265.56 899.50 1251.60
P0686 0.21490047872066498 52.37 387.96 82.41 411.14 54.96 446.73 24.92 423.56
P0686 0.05371881648898125 229.60 116.33 255.66 121.45 247.67 162.07 221.62 156.95
P0924 0.18888553977012634 665.54 318.36 699.70 318.25 699.94 397.30 665.78 397.41
P0924 0.07059616595506668 211.49 898.46 234.50 897.62 236.62 955.21 213.61 956.05
P0924 0.05879558250308037 260.89 1469.97 309.41 1470.15 309.28 1504.73 260.76 1504.55
P0876 0.11837885528802872 2374.47 473.36 2409.77 462.14 2417.18 485.44 2381.88 496.66
P0709 0.14460572600364685 1018.16 184.86 1080.53 224.43 1060.93 255.33 998.56 215.76
P0055 0.07531306892633438 1448.53 1155.46 1480.59 1156.14 1476.88 1330.10 1444.82 1329.42
P0055 0.07216178625822067 1190.20 107.10 1221.70 95.54 1248.07 167.41 1216.58 178.97
P2195 0.10580050945281982 230.57 1789.23 251.12 1790.41 249.89 1811.88 229.33 1810.70
P0820 0.07179830968379974 1156.85 192.74 1184.56 205.14 1172.82 231.37 1145.11 218.97
P2677 0.45471078157424927 1101.38 2517.26 1126.58 2516.11 1129.70 2584.31 1104.50 2585.46
P2677 0.41340649127960205 995.56 2527.20 1015.38 2525.71 1020.43 2592.81 1000.61 2594.30
P2677 0.37954995036125183 1160.92 2664.09 1228.52 2675.38 1218.20 2737.18 1150.60 2725.90
P2677 0.2712361216545105 1012.82 2525.21 1033.59 2523.88 1037.82 2589.62 1017.05 2590.96
P2677 0.21388038992881775 1086.97 2634.75 1106.63 2639.93 1090.12 2702.60 1070.46 2697.42
P2677 0.16733905673027039 959.57 2527.76 981.22 2526.13 986.16 2591.84 964.51 2593.47
P2677 0.14804892241954803 1071.86 2535.80 1090.69 2534.85 1092.69 2574.84 1073.87 2575.78
P2677 0.10067365318536758 1134.95 2517.16 1156.75 2514.95 1163.49 2581.65 1141.70 2583.85
P2677 0.07975735515356064 1047.45 2521.32 1070.15 2520.02 1074.04 2588.48 1051.34 2589.77
P2677 0.07382988929748535 937.04 2529.86 958.13 2526.92 967.52 2594.33 946.43 2597.27
P2677 0.06514380127191544 916.76 2633.99 936.74 2633.26 938.48 2681.01 918.50 2681.74
P2677 0.0587557777762413 651.66 786.40 683.18 785.01 687.81 890.28 656.29 891.67
P1044 0.056288182735443115 1075.11 79.60 1105.57 74.22 1108.46 90.62 1078.00 96.00
P1082 0.050832800567150116 879.99 383.82 907.54 405.43 833.24 500.19 805.69 478.58
P2174 0.16832305490970612 670.88 853.39 696.50 867.42 683.40 891.35 657.78 877.32
P2174 0.059157032519578934 451.62 487.16 465.77 487.66 464.07 536.08 449.92 535.58
P0670 0.1550295352935791 287.10 291.47 322.89 284.36 331.15 325.98 295.36 333.08
P2252 0.7567740082740784 196.24 813.31 225.85 795.95 260.60 855.24 230.99 872.59
P2252 0.20493285357952118 67.29 987.30 92.97 1011.44 77.04 1028.39 51.36 1004.26
P1826 0.07350384443998337 130.85 -15.18 216.63 39.77 151.72 141.11 65.94 86.16
P0834 0.09976033866405487 1049.48 441.68 1164.89 423.19 1179.85 516.59 1064.44 535.07
P2021 0.071363165974617 383.76 818.84 407.29 817.77 410.73 893.19 387.19 894.26
P2021 0.05785403773188591 358.94 822.30 382.11 820.78 386.78 892.12 363.61 893.64
P0886 0.0550619512796402 118.28 322.21 219.07 381.26 127.72 537.19 26.93 478.15
P2128 0.053902965039014816 479.83 343.20 488.92 342.56 490.48 364.45 481.39 365.10
